# profile generated from RICO case. 160 levels 25 m apart - up to 4 km
# height   th_l        q_t       u         v      TKE_init
  12.500   297.900     0.016    -9.860    -3.800     0.995
  37.500   297.900     0.016    -9.825    -3.800     0.991
  62.500   297.900     0.016    -9.775    -3.800     0.984
  87.500   297.900     0.016    -9.725    -3.800     0.978
 112.500   297.900     0.016    -9.675    -3.800     0.972
 137.500   297.900     0.016    -9.625    -3.800     0.966
 162.500   297.900     0.016    -9.575    -3.800     0.959
 187.500   297.900     0.015    -9.525    -3.800     0.953
 212.500   297.900     0.015    -9.475    -3.800     0.947
 237.500   297.900     0.015    -9.425    -3.800     0.941
 262.500   297.900     0.015    -9.375    -3.800     0.934
 287.500   297.900     0.015    -9.325    -3.800     0.928
 312.500   297.900     0.015    -9.275    -3.800     0.922
 337.500   297.900     0.015    -9.225    -3.800     0.916
 362.500   297.900     0.015    -9.175    -3.800     0.909
 387.500   297.900     0.015    -9.125    -3.800     0.903
 412.500   297.900     0.015    -9.075    -3.800     0.897
 437.500   297.900     0.015    -9.025    -3.800     0.891
 462.500   297.900     0.015    -8.975    -3.800     0.884
 487.500   297.900     0.015    -8.925    -3.800     0.878
 512.500   297.900     0.014    -8.875    -3.800     0.872
 537.500   297.900     0.014    -8.825    -3.800     0.866
 562.500   297.900     0.014    -8.775    -3.800     0.859
 587.500   297.900     0.014    -8.725    -3.800     0.853
 612.500   297.900     0.014    -8.675    -3.800     0.847
 637.500   297.900     0.014    -8.625    -3.800     0.841
 662.500   297.900     0.014    -8.575    -3.800     0.834
 687.500   297.900     0.014    -8.525    -3.800     0.828
 712.500   297.900     0.014    -8.475    -3.800     0.822
 737.500   297.900     0.014    -8.425    -3.800     0.816
 762.500   298.029     0.014    -8.375    -3.800     0.809
 787.500   298.175     0.014    -8.325    -3.800     0.803
 812.500   298.325     0.013    -8.275    -3.800     0.797
 837.500   298.471     0.013    -8.225    -3.800     0.791
 862.500   298.615     0.013    -8.175    -3.800     0.784
 887.500   298.765     0.013    -8.125    -3.800     0.778
 912.500   298.912     0.013    -8.075    -3.800     0.772
 937.500   299.056     0.013    -8.025    -3.800     0.766
 962.500   299.205     0.013    -7.975    -3.800     0.759
 987.500   299.353     0.013    -7.925    -3.800     0.753
1012.500   299.497     0.013    -7.875    -3.800     0.747
1037.500   299.641     0.012    -7.825    -3.800     0.741
1062.500   299.785     0.012    -7.775    -3.800     0.734
1087.500   299.935     0.012    -7.725    -3.800     0.728
1112.500   300.082     0.012    -7.675    -3.800     0.722
1137.500   300.226     0.012    -7.625    -3.800     0.716
1162.500   300.375     0.012    -7.575    -3.800     0.709
1187.500   300.523     0.012    -7.525    -3.800     0.703
1212.500   300.667     0.012    -7.475    -3.800     0.697
1237.500   300.815     0.012    -7.425    -3.800     0.691
1262.500   300.964     0.011    -7.375    -3.800     0.684
1287.500   301.108     0.011    -7.325    -3.800     0.678
1312.500   301.255     0.011    -7.275    -3.800     0.672
1337.500   301.405     0.011    -7.225    -3.800     0.666
1362.500   301.549     0.011    -7.175    -3.800     0.659
1387.500   301.693     0.011    -7.125    -3.800     0.653
1412.500   301.837     0.011    -7.075    -3.800     0.647
1437.500   301.985     0.011    -7.025    -3.800     0.641
1462.500   302.134     0.011    -6.975    -3.800     0.634
1487.500   302.278     0.010    -6.925    -3.800     0.628
1512.500   302.425     0.010    -6.875    -3.800     0.622
1537.500   302.575     0.010    -6.825    -3.800     0.616
1562.500   302.719     0.010    -6.775    -3.800     0.609
1587.500   302.865     0.010    -6.725    -3.800     0.603
1612.500   303.015     0.010    -6.675    -3.800     0.597
1637.500   303.161     0.010    -6.625    -3.800     0.591
1662.500   303.304     0.010    -6.575    -3.800     0.584
1687.500   303.448     0.010    -6.525    -3.800     0.578
1712.500   303.595     0.009    -6.475    -3.800     0.572
1737.500   303.745     0.009    -6.425    -3.800     0.566
1762.500   303.889     0.009    -6.375    -3.800     0.559
1787.500   304.035     0.009    -6.325    -3.800     0.553
1812.500   304.185     0.009    -6.275    -3.800     0.547
1837.500   304.331     0.009    -6.225    -3.800     0.541
1862.500   304.475     0.009    -6.175    -3.800     0.534
1887.500   304.625     0.009    -6.125    -3.800     0.528
1912.500   304.772     0.008    -6.075    -3.800     0.522
1937.500   304.916     0.008    -6.025    -3.800     0.516
1962.500   305.065     0.008    -5.975    -3.800     0.509
1987.500   305.213     0.008    -5.925    -3.800     0.503
2012.500   305.357     0.008    -5.875    -3.800     0.497
2037.500   305.501     0.008    -5.825    -3.800     0.491
2062.500   305.645     0.008    -5.775    -3.800     0.484
2087.500   305.795     0.008    -5.725    -3.800     0.478
2112.500   305.942     0.008    -5.675    -3.800     0.472
2137.500   306.086     0.007    -5.625    -3.800     0.466
2162.500   306.235     0.007    -5.575    -3.800     0.459
2187.500   306.383     0.007    -5.525    -3.800     0.453
2212.500   306.527     0.007    -5.475    -3.800     0.447
2237.500   306.675     0.007    -5.425    -3.800     0.441
2262.500   306.824     0.007    -5.375    -3.800     0.434
2287.500   306.968     0.007    -5.325    -3.800     0.428
2312.500   307.112     0.007    -5.275    -3.800     0.422
2337.500   307.256     0.007    -5.225    -3.800     0.416
2362.500   307.405     0.006    -5.175    -3.800     0.409
2387.500   307.553     0.006    -5.125    -3.800     0.403
2412.500   307.697     0.006    -5.075    -3.800     0.397
2437.500   307.845     0.006    -5.025    -3.800     0.391
2462.500   307.994     0.006    -4.975    -3.800     0.384
2487.500   308.138     0.006    -4.925    -3.800     0.378
2512.500   308.285     0.006    -4.875    -3.800     0.372
2537.500   308.435     0.006    -4.825    -3.800     0.366
2562.500   308.579     0.006    -4.775    -3.800     0.359
2587.500   308.723     0.005    -4.725    -3.800     0.353
2612.500   308.867     0.005    -4.675    -3.800     0.347
2637.500   309.015     0.005    -4.625    -3.800     0.341
2662.500   309.164     0.005    -4.575    -3.800     0.334
2687.500   309.308     0.005    -4.525    -3.800     0.328
2712.500   309.455     0.005    -4.475    -3.800     0.322
2737.500   309.605     0.005    -4.425    -3.800     0.316
2762.500   309.749     0.005    -4.375    -3.800     0.309
2787.500   309.895     0.005    -4.325    -3.800     0.303
2812.500   310.045     0.004    -4.275    -3.800     0.297
2837.500   310.191     0.004    -4.225    -3.800     0.291
2862.500   310.335     0.004    -4.175    -3.800     0.284
2887.500   310.485     0.004    -4.125    -3.800     0.278
2912.500   310.632     0.004    -4.075    -3.800     0.272
2937.500   310.776     0.004    -4.025    -3.800     0.266
2962.500   310.919     0.004    -3.975    -3.800     0.259
2987.500   311.065     0.004    -3.925    -3.800     0.253
3012.500   311.215     0.004    -3.875    -3.800     0.247
3037.500   311.361     0.003    -3.825    -3.800     0.241
3062.500   311.505     0.003    -3.775    -3.800     0.234
3087.500   311.655     0.003    -3.725    -3.800     0.228
3112.500   311.802     0.003    -3.675    -3.800     0.222
3137.500   311.946     0.003    -3.625    -3.800     0.216
3162.500   312.095     0.003    -3.575    -3.800     0.209
3187.500   312.243     0.003    -3.525    -3.800     0.203
3212.500   312.387     0.003    -3.475    -3.800     0.197
3237.500   312.531     0.003    -3.425    -3.800     0.191
3262.500   312.675     0.002    -3.375    -3.800     0.184
3287.500   312.825     0.002    -3.325    -3.800     0.178
3312.500   312.972     0.002    -3.275    -3.800     0.172
3337.500   313.116     0.002    -3.225    -3.800     0.166
3362.500   313.265     0.002    -3.175    -3.800     0.159
3387.500   313.413     0.002    -3.125    -3.800     0.153
3412.500   313.557     0.002    -3.075    -3.800     0.147
3437.500   313.705     0.002    -3.025    -3.800     0.141
3462.500   313.854     0.002    -2.975    -3.800     0.134
3487.500   313.998     0.002    -2.925    -3.800     0.128
3512.500   314.142     0.002    -2.875    -3.800     0.122
3537.500   314.286     0.002    -2.825    -3.800     0.116
3562.500   314.435     0.002    -2.775    -3.800     0.109
3587.500   314.583     0.002    -2.725    -3.800     0.103
3612.500   314.727     0.002    -2.675    -3.800     0.097
3637.500   314.875     0.002    -2.625    -3.800     0.091
3662.500   315.024     0.002    -2.575    -3.800     0.084
3687.500   315.168     0.002    -2.525    -3.800     0.078
3712.500   315.315     0.002    -2.475    -3.800     0.072
3737.500   315.465     0.002    -2.425    -3.800     0.066
3762.500   315.609     0.002    -2.375    -3.800     0.059
3787.500   315.755     0.002    -2.325    -3.800     0.053
3812.500   315.905     0.002    -2.275    -3.800     0.047
3837.500   316.051     0.002    -2.225    -3.800     0.041
3862.500   316.194     0.002    -2.175    -3.800     0.034
3887.500   316.338     0.002    -2.125    -3.800     0.028
3912.500   316.485     0.002    -2.075    -3.800     0.022
3937.500   316.635     0.002    -2.025    -3.800     0.016
3962.500   316.779     0.002    -1.975    -3.800     0.009
3987.500   316.925     0.002    -1.925    -3.800     0.004
